[0.05, 1, 10, 1.6702965743308251, 0.4355510204081633]
[0.05, 1, 100, 1.6809908710148123, 0.43495918367346936]
[0.05, 1, 500, 1.6711661562565439, 0.43681632653061225]
[0.05, 1, 1000, 1.6681126387433878, 0.43610204081632653]
[0.05, 1, 5000, 1.6505548876430218, 0.4370204081632653]
[0.05, 0.5, 10, 1.6719682754393328, 0.43514285714285716]
[0.05, 0.5, 100, 1.6762918843074888, 0.4366326530612245]
[0.05, 0.5, 500, 1.6648560106827148, 0.43518367346938774]
[0.05, 0.5, 1000, 1.6630648576738019, 0.4366734693877551]
[0.05, 0.5, 5000, 1.6596409341310734, 0.43565306122448977]
[0.05, 0.1, 10, 1.6557259078811914, 0.4366938775510204]
[0.05, 0.1, 100, 1.6630160667422698, 0.43542857142857144]
[0.05, 0.1, 500, 1.658964168264553, 0.436469387755102]
[0.05, 0.1, 1000, 1.6679370025623474, 0.43587755102040815]
[0.05, 0.1, 5000, 1.6546735434610542, 0.43512244897959185]
[0.05, 0.01, 10, 1.664430421216653, 0.43748979591836734]
[0.05, 0.01, 100, 1.6627024432769015, 0.43579591836734693]
[0.05, 0.01, 500, 1.670704651638768, 0.4360816326530612]
[0.05, 0.01, 1000, 1.6680674069132868, 0.4362857142857143]
[0.05, 0.01, 5000, 1.6522244580495384, 0.43618367346938774]
[0.05, 0.001, 10, 1.660202580823723, 0.4356326530612245]
[0.05, 0.001, 100, 1.6440114207697278, 0.43589795918367347]
[0.05, 0.001, 500, 1.6670526694968204, 0.43620408163265306]
[0.05, 0.001, 1000, 1.6621617970804219, 0.43620408163265306]
[0.05, 0.001, 5000, 1.6616142738656596, 0.4367551020408163]
[0.01, 1, 10, 1.6623567385159128, 0.43587755102040815]
[0.01, 1, 100, 1.670879798724532, 0.43544897959183676]
[0.01, 1, 500, 1.6634854831641783, 0.4356122448979592]
[0.01, 1, 1000, 1.6621391427217074, 0.43585714285714283]
[0.01, 1, 5000, 1.662831924591714, 0.43585714285714283]
[0.01, 0.5, 10, 1.6496881815872215, 0.43679591836734694]
[0.01, 0.5, 100, 1.6524250150165989, 0.43579591836734693]
[0.01, 0.5, 500, 1.6467403651338404, 0.4359795918367347]
[0.01, 0.5, 1000, 1.66709373189757, 0.4370816326530612]
[0.01, 0.5, 5000, 1.667375581702874, 0.4365510204081633]
[0.01, 0.1, 10, 1.6480833383418705, 0.4359387755102041]
[0.01, 0.1, 100, 1.6706590584818415, 0.4362448979591837]
[0.01, 0.1, 500, 1.6652756179155377, 0.4357755102040816]
[0.01, 0.1, 1000, 1.6622600221380646, 0.4363061224489796]
[0.01, 0.1, 5000, 1.6778587652236805, 0.4353877551020408]
[0.01, 0.01, 10, 1.6526150184656516, 0.4359387755102041]
[0.01, 0.01, 100, 1.664645027488431, 0.43685714285714283]
[0.01, 0.01, 500, 1.6755593889985771, 0.4362244897959184]
[0.01, 0.01, 1000, 1.6557760106800266, 0.43681632653061225]
[0.01, 0.01, 5000, 1.6543740866620107, 0.43595918367346936]
[0.01, 0.001, 10, 1.6716900491686622, 0.43581632653061225]
[0.01, 0.001, 100, 1.658816923172529, 0.4359387755102041]
[0.01, 0.001, 500, 1.6697978425780742, 0.4356938775510204]
[0.01, 0.001, 1000, 1.6670033554642476, 0.43604081632653063]
[0.01, 0.001, 5000, 1.6658667902520874, 0.4366938775510204]
[0.001, 1, 10, 1.6595891922900592, 0.43683673469387757]
[0.001, 1, 100, 1.6592990168337407, 0.43579591836734693]
[0.001, 1, 500, 1.6479883846989283, 0.4356734693877551]
[0.001, 1, 1000, 1.6764315677083137, 0.435530612244898]
[0.001, 1, 5000, 1.6672647872142914, 0.43587755102040815]
[0.001, 0.5, 10, 1.663375330660081, 0.4364081632653061]
[0.001, 0.5, 100, 1.6615507857935115, 0.43712244897959185]
[0.001, 0.5, 500, 1.6612504724711754, 0.435469387755102]
[0.001, 0.5, 1000, 1.6396471248382152, 0.4365510204081633]
[0.001, 0.5, 5000, 1.6584432674372036, 0.4366326530612245]
[0.001, 0.1, 10, 1.6663484406314502, 0.43626530612244896]
[0.001, 0.1, 100, 1.6650445294971996, 0.4360816326530612]
[0.001, 0.1, 500, 1.6485643029933148, 0.43634693877551023]
[0.001, 0.1, 1000, 1.6746593900458473, 0.43512244897959185]
[0.001, 0.1, 5000, 1.668179148221191, 0.4359795918367347]
[0.001, 0.01, 10, 1.665688509430084, 0.43504081632653063]
[0.001, 0.01, 100, 1.6513242559589425, 0.43614285714285717]
[0.001, 0.01, 500, 1.6518282230689711, 0.43526530612244896]
[0.001, 0.01, 1000, 1.6569988530709288, 0.4363265306122449]
[0.001, 0.01, 5000, 1.665090631688359, 0.4366938775510204]
[0.001, 0.001, 10, 1.6695078936951606, 0.4363673469387755]
[0.001, 0.001, 100, 1.6591528195409921, 0.4359387755102041]
[0.001, 0.001, 500, 1.6622356690808038, 0.43618367346938774]
[0.001, 0.001, 1000, 1.6654741077014572, 0.43665306122448977]
[0.001, 0.001, 5000, 1.6598287213406557, 0.43512244897959185]
[0.0005, 1, 10, 1.6581102454772416, 0.43618367346938774]
[0.0005, 1, 100, 1.6596341901684708, 0.4351632653061224]
[0.0005, 1, 500, 1.6631898360308701, 0.43585714285714283]
[0.0005, 1, 1000, 1.6576619810474609, 0.4361632653061224]
[0.0005, 1, 5000, 1.6811337713989856, 0.4362244897959184]
[0.0005, 0.5, 10, 1.6455558108510222, 0.4356326530612245]
[0.0005, 0.5, 100, 1.661950401117025, 0.434530612244898]
[0.0005, 0.5, 500, 1.667822944625634, 0.4353061224489796]
[0.0005, 0.5, 1000, 1.655201694301728, 0.436530612244898]
[0.0005, 0.5, 5000, 1.6558709932332696, 0.43526530612244896]
[0.0005, 0.1, 10, 1.6566315306375345, 0.4357551020408163]
[0.0005, 0.1, 100, 1.6708092061321793, 0.4357755102040816]
[0.0005, 0.1, 500, 1.6662821307087903, 0.4366326530612245]
[0.0005, 0.1, 1000, 1.6648658248649808, 0.4367142857142857]
[0.0005, 0.1, 5000, 1.658153106274806, 0.43618367346938774]
[0.0005, 0.01, 10, 1.6804646969213708, 0.43659183673469387]
[0.0005, 0.01, 100, 1.6700616758556799, 0.43618367346938774]
[0.0005, 0.01, 500, 1.665466800626246, 0.435530612244898]
[0.0005, 0.01, 1000, 1.6616468567131932, 0.43589795918367347]
[0.0005, 0.01, 5000, 1.6518135452079632, 0.4347755102040816]
[0.0005, 0.001, 10, 1.6494424959770109, 0.43585714285714283]
[0.0005, 0.001, 100, 1.6692712095647693, 0.43551020408163266]
[0.0005, 0.001, 500, 1.6531645769487675, 0.4359183673469388]
[0.0005, 0.001, 1000, 1.6618275661194466, 0.43687755102040815]
[0.0005, 0.001, 5000, 1.6625507652422755, 0.43673469387755104]
[0.0001, 1, 10, 1.6404656994687101, 0.43587755102040815]
[0.0001, 1, 100, 1.6614693520147281, 0.4353877551020408]
[0.0001, 1, 500, 1.650533820553765, 0.43657142857142855]
[0.0001, 1, 1000, 1.6646598624856423, 0.4363673469387755]
[0.0001, 1, 5000, 1.6614975901220372, 0.4362244897959184]
[0.0001, 0.5, 10, 1.66070741980522, 0.43581632653061225]
[0.0001, 0.5, 100, 1.6709509676288836, 0.43583673469387757]
[0.0001, 0.5, 500, 1.6580612135843602, 0.43542857142857144]
[0.0001, 0.5, 1000, 1.6583622993159137, 0.43618367346938774]
[0.0001, 0.5, 5000, 1.6539533845169863, 0.43634693877551023]
[0.0001, 0.1, 10, 1.6519092591357478, 0.4353877551020408]
[0.0001, 0.1, 100, 1.65599383433168, 0.43626530612244896]
[0.0001, 0.1, 500, 1.6737579447974062, 0.43644897959183676]
[0.0001, 0.1, 1000, 1.6566210817238123, 0.43595918367346936]
[0.0001, 0.1, 5000, 1.664531211249607, 0.4356938775510204]
[0.0001, 0.01, 10, 1.6662478330758916, 0.43681632653061225]
[0.0001, 0.01, 100, 1.658853809234602, 0.4366938775510204]
[0.0001, 0.01, 500, 1.641287998676534, 0.4347551020408163]
[0.0001, 0.01, 1000, 1.6705706096137585, 0.43618367346938774]
[0.0001, 0.01, 5000, 1.6656038991356628, 0.4369183673469388]
[0.0001, 0.001, 10, 1.6660753072094272, 0.4363265306122449]
[0.0001, 0.001, 100, 1.6600704331387226, 0.4377551020408163]
[0.0001, 0.001, 500, 1.6626424377581825, 0.43685714285714283]
[0.0001, 0.001, 1000, 1.6523988120608082, 0.4359387755102041]
[0.0001, 0.001, 5000, 1.6917789518762831, 0.4363877551020408]